=== Classification Report — 100 classes ===
              precision    recall  f1-score   support

           0       0.56      0.72      0.63       100
           1       0.41      0.58      0.48       100
           3       0.32      0.37      0.34       100
           4       0.25      0.36      0.29       100
           5       0.35      0.30      0.32       100
           6       0.35      0.64      0.46       100
           7       0.52      0.47      0.49       100
           9       0.45      0.49      0.47       100
          10       0.29      0.13      0.18       100
          12       0.42      0.40      0.41       100
          14       0.31      0.23      0.26       100
          16       0.48      0.27      0.35       100
          17       0.56      0.66      0.61       100
          18       0.51      0.42      0.46       100
          20       0.52      0.68      0.59       100
          22       0.28      0.35      0.31       100
          24       0.59      0.71      0.64       100
          25       0.31      0.29      0.30       100
          28       0.43      0.43      0.43       100
          30       0.41      0.33      0.37       100
          32       0.32      0.27      0.29       100
          37       0.42      0.40      0.41       100
          39       0.50      0.52      0.51       100
          40       0.24      0.27      0.25       100
          42       0.39      0.45      0.42       100
          43       0.48      0.43      0.45       100
          51       0.29      0.33      0.31       100
          53       0.53      0.64      0.58       100
          54       0.52      0.39      0.45       100
          55       0.16      0.09      0.12       100
          57       0.35      0.34      0.35       100
          61       0.38      0.35      0.37       100
          62       0.48      0.43      0.46       100
          67       0.40      0.53      0.45       100
          68       0.81      0.78      0.80       100
          70       0.52      0.34      0.41       100
          72       0.24      0.19      0.21       100
          73       0.35      0.39      0.37       100
          76       0.54      0.83      0.65       100
          82       0.67      0.65      0.66       100
          83       0.43      0.39      0.41       100
          84       0.37      0.26      0.30       100
          86       0.45      0.40      0.42       100
          87       0.44      0.27      0.34       100
          88       0.28      0.33      0.30       100
          91       0.53      0.54      0.53       100
          92       0.30      0.18      0.23       100
          94       0.64      0.68      0.66       100
          95       0.52      0.39      0.45       100
          97       0.39      0.49      0.43       100

    accuracy                           0.43      5000
   macro avg       0.42      0.43      0.42      5000
weighted avg       0.42      0.43      0.42      5000


=== Classification Report — 10 superclasses ===
              precision    recall  f1-score   support

           0       0.55      0.50      0.52       500
           1       0.54      0.60      0.57       500
           2       0.80      0.64      0.71       500
           3       0.55      0.42      0.48       500
           4       0.60      0.65      0.62       500
           5       0.49      0.50      0.50       500
           6       0.62      0.60      0.61       500
           7       0.60      0.67      0.63       500
           8       0.56      0.65      0.60       500
           9       0.77      0.82      0.79       500

    accuracy                           0.60      5000
   macro avg       0.61      0.60      0.60      5000
weighted avg       0.61      0.60      0.60      5000

