              precision    recall  f1-score   support

     class_0       0.44      0.68      0.54       100
     class_1       0.41      0.34      0.37       100
     class_2       0.37      0.21      0.27       100
     class_3       0.14      0.12      0.13       100
     class_4       0.13      0.12      0.12       100
     class_5       0.17      0.19      0.18       100
     class_6       0.39      0.23      0.29       100
     class_7       0.31      0.34      0.33       100
     class_8       0.19      0.33      0.24       100
     class_9       0.35      0.45      0.40       100
    class_10       0.10      0.03      0.05       100
    class_11       0.20      0.16      0.18       100
    class_12       0.29      0.34      0.31       100
    class_13       0.23      0.26      0.24       100
    class_14       0.19      0.20      0.20       100
    class_15       0.16      0.19      0.17       100
    class_16       0.37      0.28      0.32       100
    class_17       0.49      0.59      0.53       100
    class_18       0.39      0.41      0.40       100
    class_19       0.33      0.22      0.26       100
    class_20       0.45      0.56      0.50       100
    class_21       0.35      0.47      0.40       100
    class_22       0.18      0.15      0.16       100
    class_23       0.42      0.44      0.43       100
    class_24       0.38      0.66      0.49       100
    class_25       0.26      0.20      0.23       100
    class_26       0.20      0.15      0.17       100
    class_27       0.24      0.20      0.22       100
    class_28       0.28      0.41      0.33       100
    class_29       0.25      0.20      0.22       100
    class_30       0.28      0.46      0.35       100
    class_31       0.29      0.29      0.29       100
    class_32       0.16      0.16      0.16       100
    class_33       0.43      0.20      0.27       100
    class_34       0.27      0.21      0.24       100
    class_35       0.16      0.10      0.12       100
    class_36       0.34      0.36      0.35       100
    class_37       0.15      0.12      0.13       100
    class_38       0.21      0.18      0.19       100
    class_39       0.40      0.42      0.41       100
    class_40       0.23      0.21      0.22       100
    class_41       0.46      0.55      0.50       100
    class_42       0.24      0.21      0.22       100
    class_43       0.18      0.50      0.27       100
    class_44       0.17      0.13      0.15       100
    class_45       0.22      0.08      0.12       100
    class_46       0.19      0.25      0.21       100
    class_47       0.61      0.38      0.47       100
    class_48       0.44      0.51      0.47       100
    class_49       0.34      0.54      0.42       100
    class_50       0.16      0.03      0.05       100
    class_51       0.24      0.15      0.18       100
    class_52       0.44      0.74      0.55       100
    class_53       0.50      0.56      0.53       100
    class_54       0.35      0.31      0.33       100
    class_55       0.05      0.04      0.04       100
    class_56       0.41      0.45      0.43       100
    class_57       0.31      0.28      0.30       100
    class_58       0.38      0.22      0.28       100
    class_59       0.18      0.24      0.21       100
    class_60       0.66      0.78      0.72       100
    class_61       0.31      0.25      0.28       100
    class_62       0.33      0.44      0.38       100
    class_63       0.52      0.30      0.38       100
    class_64       0.15      0.15      0.15       100
    class_65       0.20      0.07      0.10       100
    class_66       0.14      0.21      0.17       100
    class_67       0.28      0.21      0.24       100
    class_68       0.73      0.73      0.73       100
    class_69       0.50      0.43      0.46       100
    class_70       0.30      0.21      0.25       100
    class_71       0.65      0.58      0.61       100
    class_72       0.17      0.05      0.08       100
    class_73       0.28      0.36      0.31       100
    class_74       0.15      0.11      0.13       100
    class_75       0.32      0.75      0.45       100
    class_76       0.49      0.71      0.58       100
    class_77       0.21      0.06      0.09       100
    class_78       0.11      0.06      0.08       100
    class_79       0.13      0.12      0.12       100
    class_80       0.14      0.13      0.14       100
    class_81       0.27      0.12      0.17       100
    class_82       0.57      0.80      0.67       100
    class_83       0.22      0.25      0.24       100
    class_84       0.12      0.24      0.16       100
    class_85       0.26      0.59      0.36       100
    class_86       0.29      0.41      0.34       100
    class_87       0.56      0.18      0.27       100
    class_88       0.25      0.24      0.25       100
    class_89       0.30      0.41      0.34       100
    class_90       0.23      0.18      0.20       100
    class_91       0.38      0.50      0.43       100
    class_92       0.22      0.05      0.08       100
    class_93       0.24      0.18      0.20       100
    class_94       0.60      0.61      0.60       100
    class_95       0.35      0.46      0.40       100
    class_96       0.31      0.24      0.27       100
    class_97       0.32      0.32      0.32       100
    class_98       0.18      0.09      0.12       100
    class_99       0.30      0.19      0.23       100

    accuracy                           0.31     10000
   macro avg       0.30      0.31      0.29     10000
weighted avg       0.30      0.31      0.29     10000
