              precision    recall  f1-score   support

     super_0       0.49      0.32      0.39       500
     super_1       0.43      0.44      0.43       500
     super_2       0.62      0.68      0.65       500
     super_3       0.38      0.41      0.39       500
     super_4       0.51      0.51      0.51       500
     super_5       0.36      0.31      0.33       500
     super_6       0.43      0.50      0.46       500
     super_7       0.40      0.57      0.47       500
     super_8       0.37      0.28      0.32       500
     super_9       0.60      0.47      0.53       500
    super_10       0.60      0.68      0.64       500
    super_11       0.32      0.45      0.37       500
    super_12       0.55      0.17      0.26       500
    super_13       0.32      0.16      0.22       500
    super_14       0.52      0.52      0.52       500
    super_15       0.27      0.26      0.26       500
    super_16       0.24      0.26      0.25       500
    super_17       0.49      0.87      0.63       500
    super_18       0.43      0.50      0.46       500
    super_19       0.53      0.43      0.48       500

    accuracy                           0.44     10000
   macro avg       0.44      0.44      0.43     10000
weighted avg       0.44      0.44      0.43     10000
